-1,19,19,-1,-1,-1,-1,-1,-1,-1,-1,-1,-1,-1,-1,-1,-1,-1,-1,-1,-1,-1,-1,-1,
-1,4,4,4,4,4,4,4,4,4,4,4,4,4,4,4,4,4,4,4,4,4,4,-1,
-1,15,15,15,15,15,15,15,15,15,15,15,15,15,15,15,15,15,15,15,15,15,15,-1,
-1,18,18,18,18,18,18,18,18,18,18,18,18,18,18,18,18,18,18,18,18,18,18,-1,
-1,-1,-1,-1,-1,-1,-1,-1,-1,-1,-1,-1,-1,-1,-1,-1,-1,-1,-1,-1,-1,-1,1,-1,
-1,4,4,4,4,4,4,4,4,4,4,4,4,4,4,4,4,4,4,4,4,4,4,-1,
-1,15,15,15,15,15,15,15,15,15,15,15,15,15,15,15,15,15,15,15,15,15,15,-1,
-1,18,18,18,18,18,18,18,18,18,18,18,18,18,18,18,18,18,18,-1,-1,-1,-1,-1,
-1,1,1,-1,-1,-1,-1,-1,-1,-1,-1,-1,-1,1,1,-1,1,1,1,-1,-1,-1,-1,-1,
-1,4,4,4,4,4,4,4,4,4,4,4,-1,-1,-1,-1,4,4,4,-1,-1,-1,-1,-1,
-1,15,15,15,15,15,15,15,15,15,15,15,15,15,15,-1,15,15,15,-1,-1,-1,-1,-1,
-1,-1,18,18,18,18,18,18,18,18,18,18,18,18,18,-1,-1,-1,-1,-1,-1,-1,-1,-1,
-1,1,1,1,1,1,1,1,1,1,1,1,1,1,1,1,1,1,1,1,-1,-1,-1,-1,
-1,4,4,4,4,4,-1,4,4,4,4,4,4,4,4,4,4,4,4,-1,-1,-1,-1,-1,
-1,15,15,15,15,15,15,15,15,15,15,-1,15,15,15,15,15,15,15,-1,-1,-1,-1,-1,
-1,18,18,18,18,18,18,18,18,18,18,18,18,18,18,18,18,18,18,18,18,18,18,-1,
-1,1,1,1,1,1,1,1,1,1,1,1,1,1,1,1,1,1,1,1,1,1,1,-1,
-1,4,4,4,4,4,4,4,4,4,4,4,4,4,4,4,4,4,4,4,-1,4,4,-1,
-1,15,15,15,15,15,15,15,15,15,15,15,15,15,15,15,15,15,15,15,-1,15,15,-1,
-1,18,18,18,18,18,18,18,18,18,18,18,18,18,18,-1,18,18,18,-1,-1,18,18,-1,
-1,1,1,1,1,1,1,1,1,1,1,1,1,1,1,1,1,1,1,1,-1,1,1,-1,
-1,4,4,4,4,4,4,4,4,4,4,4,4,4,4,4,4,4,4,4,4,4,4,-1,
-1,15,15,15,15,15,15,15,15,15,15,15,15,15,15,15,15,15,15,15,15,15,15,-1,
-1,-1,-1,-1,-1,-1,-1,-1,-1,-1,-1,-1,-1,-1,-1,-1,-1,-1,-1,-1,-1,20,20,-1,